n=3
0 0
0.04 0.0002
0.08 0.0018
0.12 0.0086
0.16 0.0212
0.2 0.0424
0.24 0.0672
0.28 0.103
0.32 0.1542
0.36 0.2198
0.4 0.2952
0.44 0.3874
0.48 0.4744
0.52 0.5666
0.56 0.656
0.6 0.7358
0.64 0.8042
0.68 0.855
0.72 0.9004
0.76 0.9376
0.8 0.9672
0.84 0.9812
0.88 0.9936
0.92 0.9982
0.96 0.9996
1 1

n=11
0 0
0.04 0
0.08 0
0.12 0
0.16 0.0002
0.2 0.0016
0.24 0.0036
0.28 0.0128
0.32 0.0348
0.36 0.0814
0.4 0.1656
0.44 0.2824
0.48 0.4296
0.52 0.5892
0.56 0.7266
0.6 0.8478
0.64 0.9214
0.68 0.9666
0.72 0.9892
0.76 0.9976
0.8 0.9992
0.84 0.9998
0.88 1
0.92 1
0.96 1
1 1

n=21
0 0
0.04 0
0.08 0
0.12 0
0.16 0
0.2 0
0.24 0
0.28 0.0014
0.32 0.0096
0.36 0.0322
0.4 0.0934
0.44 0.216
0.48 0.394
0.52 0.6156
0.56 0.7916
0.6 0.9136
0.64 0.9688
0.68 0.9918
0.72 0.9988
0.76 0.9998
0.8 0.9998
0.84 1
0.88 1
0.92 1
0.96 1
1 1

